{
 "cells": [
  {
   "cell_type": "code",
   "execution_count": 2,
   "metadata": {},
   "outputs": [
    {
     "data": {
      "text/html": [
       "<div>\n",
       "<style scoped>\n",
       "    .dataframe tbody tr th:only-of-type {\n",
       "        vertical-align: middle;\n",
       "    }\n",
       "\n",
       "    .dataframe tbody tr th {\n",
       "        vertical-align: top;\n",
       "    }\n",
       "\n",
       "    .dataframe thead th {\n",
       "        text-align: right;\n",
       "    }\n",
       "</style>\n",
       "<table border=\"1\" class=\"dataframe\">\n",
       "  <thead>\n",
       "    <tr style=\"text-align: right;\">\n",
       "      <th></th>\n",
       "      <th>A</th>\n",
       "      <th>B</th>\n",
       "      <th>C</th>\n",
       "      <th>D</th>\n",
       "    </tr>\n",
       "  </thead>\n",
       "  <tbody>\n",
       "    <tr>\n",
       "      <th>0</th>\n",
       "      <td>84</td>\n",
       "      <td>31</td>\n",
       "      <td>54</td>\n",
       "      <td>6</td>\n",
       "    </tr>\n",
       "    <tr>\n",
       "      <th>1</th>\n",
       "      <td>99</td>\n",
       "      <td>5</td>\n",
       "      <td>17</td>\n",
       "      <td>15</td>\n",
       "    </tr>\n",
       "    <tr>\n",
       "      <th>2</th>\n",
       "      <td>73</td>\n",
       "      <td>5</td>\n",
       "      <td>19</td>\n",
       "      <td>67</td>\n",
       "    </tr>\n",
       "    <tr>\n",
       "      <th>3</th>\n",
       "      <td>3</td>\n",
       "      <td>9</td>\n",
       "      <td>16</td>\n",
       "      <td>80</td>\n",
       "    </tr>\n",
       "    <tr>\n",
       "      <th>4</th>\n",
       "      <td>48</td>\n",
       "      <td>15</td>\n",
       "      <td>4</td>\n",
       "      <td>88</td>\n",
       "    </tr>\n",
       "    <tr>\n",
       "      <th>...</th>\n",
       "      <td>...</td>\n",
       "      <td>...</td>\n",
       "      <td>...</td>\n",
       "      <td>...</td>\n",
       "    </tr>\n",
       "    <tr>\n",
       "      <th>95</th>\n",
       "      <td>97</td>\n",
       "      <td>51</td>\n",
       "      <td>28</td>\n",
       "      <td>49</td>\n",
       "    </tr>\n",
       "    <tr>\n",
       "      <th>96</th>\n",
       "      <td>37</td>\n",
       "      <td>78</td>\n",
       "      <td>35</td>\n",
       "      <td>17</td>\n",
       "    </tr>\n",
       "    <tr>\n",
       "      <th>97</th>\n",
       "      <td>22</td>\n",
       "      <td>45</td>\n",
       "      <td>2</td>\n",
       "      <td>22</td>\n",
       "    </tr>\n",
       "    <tr>\n",
       "      <th>98</th>\n",
       "      <td>27</td>\n",
       "      <td>25</td>\n",
       "      <td>17</td>\n",
       "      <td>85</td>\n",
       "    </tr>\n",
       "    <tr>\n",
       "      <th>99</th>\n",
       "      <td>82</td>\n",
       "      <td>30</td>\n",
       "      <td>41</td>\n",
       "      <td>29</td>\n",
       "    </tr>\n",
       "  </tbody>\n",
       "</table>\n",
       "<p>100 rows × 4 columns</p>\n",
       "</div>"
      ],
      "text/plain": [
       "     A   B   C   D\n",
       "0   84  31  54   6\n",
       "1   99   5  17  15\n",
       "2   73   5  19  67\n",
       "3    3   9  16  80\n",
       "4   48  15   4  88\n",
       "..  ..  ..  ..  ..\n",
       "95  97  51  28  49\n",
       "96  37  78  35  17\n",
       "97  22  45   2  22\n",
       "98  27  25  17  85\n",
       "99  82  30  41  29\n",
       "\n",
       "[100 rows x 4 columns]"
      ]
     },
     "execution_count": 2,
     "metadata": {},
     "output_type": "execute_result"
    }
   ],
   "source": [
    "# Statistical Functions in Pandas\n",
    "\n",
    "%config Completer.use_jedi = False\n",
    "import numpy as np\n",
    "import pandas as pd\n",
    "df = pd.DataFrame(np.random.randint(0,100,size=(100, 4)), columns=list('ABCD'))\n",
    "df"
   ]
  },
  {
   "cell_type": "code",
   "execution_count": 3,
   "metadata": {},
   "outputs": [
    {
     "data": {
      "text/plain": [
       "A    100\n",
       "B    100\n",
       "C    100\n",
       "D    100\n",
       "dtype: int64"
      ]
     },
     "execution_count": 3,
     "metadata": {},
     "output_type": "execute_result"
    }
   ],
   "source": [
    "df.count()"
   ]
  },
  {
   "cell_type": "code",
   "execution_count": 4,
   "metadata": {},
   "outputs": [
    {
     "data": {
      "text/plain": [
       "A    5235\n",
       "B    5223\n",
       "C    4941\n",
       "D    5126\n",
       "dtype: int64"
      ]
     },
     "execution_count": 4,
     "metadata": {},
     "output_type": "execute_result"
    }
   ],
   "source": [
    "df.sum()"
   ]
  },
  {
   "cell_type": "code",
   "execution_count": 5,
   "metadata": {},
   "outputs": [
    {
     "data": {
      "text/plain": [
       "A    52.35\n",
       "B    52.23\n",
       "C    49.41\n",
       "D    51.26\n",
       "dtype: float64"
      ]
     },
     "execution_count": 5,
     "metadata": {},
     "output_type": "execute_result"
    }
   ],
   "source": [
    "df.mean()"
   ]
  },
  {
   "cell_type": "code",
   "execution_count": 6,
   "metadata": {},
   "outputs": [
    {
     "data": {
      "text/plain": [
       "A    54.0\n",
       "B    51.0\n",
       "C    49.5\n",
       "D    52.5\n",
       "dtype: float64"
      ]
     },
     "execution_count": 6,
     "metadata": {},
     "output_type": "execute_result"
    }
   ],
   "source": [
    "df.median()"
   ]
  },
  {
   "cell_type": "code",
   "execution_count": 7,
   "metadata": {},
   "outputs": [
    {
     "data": {
      "text/html": [
       "<div>\n",
       "<style scoped>\n",
       "    .dataframe tbody tr th:only-of-type {\n",
       "        vertical-align: middle;\n",
       "    }\n",
       "\n",
       "    .dataframe tbody tr th {\n",
       "        vertical-align: top;\n",
       "    }\n",
       "\n",
       "    .dataframe thead th {\n",
       "        text-align: right;\n",
       "    }\n",
       "</style>\n",
       "<table border=\"1\" class=\"dataframe\">\n",
       "  <thead>\n",
       "    <tr style=\"text-align: right;\">\n",
       "      <th></th>\n",
       "      <th>A</th>\n",
       "      <th>B</th>\n",
       "      <th>C</th>\n",
       "      <th>D</th>\n",
       "    </tr>\n",
       "  </thead>\n",
       "  <tbody>\n",
       "    <tr>\n",
       "      <th>0</th>\n",
       "      <td>73.0</td>\n",
       "      <td>51.0</td>\n",
       "      <td>17.0</td>\n",
       "      <td>22</td>\n",
       "    </tr>\n",
       "    <tr>\n",
       "      <th>1</th>\n",
       "      <td>NaN</td>\n",
       "      <td>67.0</td>\n",
       "      <td>NaN</td>\n",
       "      <td>23</td>\n",
       "    </tr>\n",
       "    <tr>\n",
       "      <th>2</th>\n",
       "      <td>NaN</td>\n",
       "      <td>NaN</td>\n",
       "      <td>NaN</td>\n",
       "      <td>29</td>\n",
       "    </tr>\n",
       "    <tr>\n",
       "      <th>3</th>\n",
       "      <td>NaN</td>\n",
       "      <td>NaN</td>\n",
       "      <td>NaN</td>\n",
       "      <td>53</td>\n",
       "    </tr>\n",
       "    <tr>\n",
       "      <th>4</th>\n",
       "      <td>NaN</td>\n",
       "      <td>NaN</td>\n",
       "      <td>NaN</td>\n",
       "      <td>70</td>\n",
       "    </tr>\n",
       "    <tr>\n",
       "      <th>5</th>\n",
       "      <td>NaN</td>\n",
       "      <td>NaN</td>\n",
       "      <td>NaN</td>\n",
       "      <td>94</td>\n",
       "    </tr>\n",
       "    <tr>\n",
       "      <th>6</th>\n",
       "      <td>NaN</td>\n",
       "      <td>NaN</td>\n",
       "      <td>NaN</td>\n",
       "      <td>96</td>\n",
       "    </tr>\n",
       "  </tbody>\n",
       "</table>\n",
       "</div>"
      ],
      "text/plain": [
       "      A     B     C   D\n",
       "0  73.0  51.0  17.0  22\n",
       "1   NaN  67.0   NaN  23\n",
       "2   NaN   NaN   NaN  29\n",
       "3   NaN   NaN   NaN  53\n",
       "4   NaN   NaN   NaN  70\n",
       "5   NaN   NaN   NaN  94\n",
       "6   NaN   NaN   NaN  96"
      ]
     },
     "execution_count": 7,
     "metadata": {},
     "output_type": "execute_result"
    }
   ],
   "source": [
    "df.mode()"
   ]
  },
  {
   "cell_type": "code",
   "execution_count": 8,
   "metadata": {},
   "outputs": [
    {
     "data": {
      "text/plain": [
       "A    28.403434\n",
       "B    27.726243\n",
       "C    27.979825\n",
       "D    30.303388\n",
       "dtype: float64"
      ]
     },
     "execution_count": 8,
     "metadata": {},
     "output_type": "execute_result"
    }
   ],
   "source": [
    "df.std()"
   ]
  },
  {
   "cell_type": "code",
   "execution_count": 9,
   "metadata": {},
   "outputs": [
    {
     "data": {
      "text/plain": [
       "A    2\n",
       "B    5\n",
       "C    1\n",
       "D    1\n",
       "dtype: int32"
      ]
     },
     "execution_count": 9,
     "metadata": {},
     "output_type": "execute_result"
    }
   ],
   "source": [
    "df.min()"
   ]
  },
  {
   "cell_type": "code",
   "execution_count": 10,
   "metadata": {},
   "outputs": [
    {
     "data": {
      "text/plain": [
       "A    99\n",
       "B    98\n",
       "C    98\n",
       "D    99\n",
       "dtype: int32"
      ]
     },
     "execution_count": 10,
     "metadata": {},
     "output_type": "execute_result"
    }
   ],
   "source": [
    "df.max()"
   ]
  },
  {
   "cell_type": "code",
   "execution_count": null,
   "metadata": {},
   "outputs": [],
   "source": [
    "df.cumsum()"
   ]
  },
  {
   "cell_type": "code",
   "execution_count": null,
   "metadata": {},
   "outputs": [],
   "source": [
    "df.cumprod()"
   ]
  },
  {
   "cell_type": "code",
   "execution_count": 11,
   "metadata": {},
   "outputs": [
    {
     "data": {
      "text/plain": [
       "mpg     19.2\n",
       "hp     123.0\n",
       "dtype: float64"
      ]
     },
     "execution_count": 11,
     "metadata": {},
     "output_type": "execute_result"
    }
   ],
   "source": [
    "# Aggregating Statistics\n",
    "\n",
    "mtcars_sample = pd.read_csv(\"mtcars.csv\", index_col=\"car_names\")\n",
    "mtcars_sample[[\"mpg\", \"hp\"]].median()"
   ]
  },
  {
   "cell_type": "code",
   "execution_count": 12,
   "metadata": {},
   "outputs": [
    {
     "data": {
      "text/plain": [
       "mpg     19.2\n",
       "hp     123.0\n",
       "dtype: float64"
      ]
     },
     "execution_count": 12,
     "metadata": {},
     "output_type": "execute_result"
    }
   ],
   "source": [
    "# Descriptive Statistics\n",
    "\n",
    "mtcars_sample[[\"mpg\", \"hp\"]].median()"
   ]
  },
  {
   "cell_type": "code",
   "execution_count": 13,
   "metadata": {},
   "outputs": [
    {
     "data": {
      "text/html": [
       "<div>\n",
       "<style scoped>\n",
       "    .dataframe tbody tr th:only-of-type {\n",
       "        vertical-align: middle;\n",
       "    }\n",
       "\n",
       "    .dataframe tbody tr th {\n",
       "        vertical-align: top;\n",
       "    }\n",
       "\n",
       "    .dataframe thead th {\n",
       "        text-align: right;\n",
       "    }\n",
       "</style>\n",
       "<table border=\"1\" class=\"dataframe\">\n",
       "  <thead>\n",
       "    <tr style=\"text-align: right;\">\n",
       "      <th></th>\n",
       "      <th>mpg</th>\n",
       "      <th>hp</th>\n",
       "    </tr>\n",
       "  </thead>\n",
       "  <tbody>\n",
       "    <tr>\n",
       "      <th>count</th>\n",
       "      <td>32.000000</td>\n",
       "      <td>32.000000</td>\n",
       "    </tr>\n",
       "    <tr>\n",
       "      <th>mean</th>\n",
       "      <td>20.090625</td>\n",
       "      <td>146.687500</td>\n",
       "    </tr>\n",
       "    <tr>\n",
       "      <th>std</th>\n",
       "      <td>6.026948</td>\n",
       "      <td>68.562868</td>\n",
       "    </tr>\n",
       "    <tr>\n",
       "      <th>min</th>\n",
       "      <td>10.400000</td>\n",
       "      <td>52.000000</td>\n",
       "    </tr>\n",
       "    <tr>\n",
       "      <th>25%</th>\n",
       "      <td>15.425000</td>\n",
       "      <td>96.500000</td>\n",
       "    </tr>\n",
       "    <tr>\n",
       "      <th>50%</th>\n",
       "      <td>19.200000</td>\n",
       "      <td>123.000000</td>\n",
       "    </tr>\n",
       "    <tr>\n",
       "      <th>75%</th>\n",
       "      <td>22.800000</td>\n",
       "      <td>180.000000</td>\n",
       "    </tr>\n",
       "    <tr>\n",
       "      <th>max</th>\n",
       "      <td>33.900000</td>\n",
       "      <td>335.000000</td>\n",
       "    </tr>\n",
       "  </tbody>\n",
       "</table>\n",
       "</div>"
      ],
      "text/plain": [
       "             mpg          hp\n",
       "count  32.000000   32.000000\n",
       "mean   20.090625  146.687500\n",
       "std     6.026948   68.562868\n",
       "min    10.400000   52.000000\n",
       "25%    15.425000   96.500000\n",
       "50%    19.200000  123.000000\n",
       "75%    22.800000  180.000000\n",
       "max    33.900000  335.000000"
      ]
     },
     "execution_count": 13,
     "metadata": {},
     "output_type": "execute_result"
    }
   ],
   "source": [
    "mtcars_sample[[\"mpg\", \"hp\"]].describe()"
   ]
  },
  {
   "cell_type": "code",
   "execution_count": 14,
   "metadata": {},
   "outputs": [
    {
     "data": {
      "text/html": [
       "<div>\n",
       "<style scoped>\n",
       "    .dataframe tbody tr th:only-of-type {\n",
       "        vertical-align: middle;\n",
       "    }\n",
       "\n",
       "    .dataframe tbody tr th {\n",
       "        vertical-align: top;\n",
       "    }\n",
       "\n",
       "    .dataframe thead th {\n",
       "        text-align: right;\n",
       "    }\n",
       "</style>\n",
       "<table border=\"1\" class=\"dataframe\">\n",
       "  <thead>\n",
       "    <tr style=\"text-align: right;\">\n",
       "      <th></th>\n",
       "      <th>count</th>\n",
       "      <th>mean</th>\n",
       "      <th>std</th>\n",
       "      <th>min</th>\n",
       "      <th>25%</th>\n",
       "      <th>50%</th>\n",
       "      <th>75%</th>\n",
       "      <th>max</th>\n",
       "    </tr>\n",
       "    <tr>\n",
       "      <th>cyl</th>\n",
       "      <th></th>\n",
       "      <th></th>\n",
       "      <th></th>\n",
       "      <th></th>\n",
       "      <th></th>\n",
       "      <th></th>\n",
       "      <th></th>\n",
       "      <th></th>\n",
       "    </tr>\n",
       "  </thead>\n",
       "  <tbody>\n",
       "    <tr>\n",
       "      <th>4</th>\n",
       "      <td>11.0</td>\n",
       "      <td>26.663636</td>\n",
       "      <td>4.509828</td>\n",
       "      <td>21.4</td>\n",
       "      <td>22.80</td>\n",
       "      <td>26.0</td>\n",
       "      <td>30.40</td>\n",
       "      <td>33.9</td>\n",
       "    </tr>\n",
       "    <tr>\n",
       "      <th>6</th>\n",
       "      <td>7.0</td>\n",
       "      <td>19.742857</td>\n",
       "      <td>1.453567</td>\n",
       "      <td>17.8</td>\n",
       "      <td>18.65</td>\n",
       "      <td>19.7</td>\n",
       "      <td>21.00</td>\n",
       "      <td>21.4</td>\n",
       "    </tr>\n",
       "    <tr>\n",
       "      <th>8</th>\n",
       "      <td>14.0</td>\n",
       "      <td>15.100000</td>\n",
       "      <td>2.560048</td>\n",
       "      <td>10.4</td>\n",
       "      <td>14.40</td>\n",
       "      <td>15.2</td>\n",
       "      <td>16.25</td>\n",
       "      <td>19.2</td>\n",
       "    </tr>\n",
       "  </tbody>\n",
       "</table>\n",
       "</div>"
      ],
      "text/plain": [
       "     count       mean       std   min    25%   50%    75%   max\n",
       "cyl                                                            \n",
       "4     11.0  26.663636  4.509828  21.4  22.80  26.0  30.40  33.9\n",
       "6      7.0  19.742857  1.453567  17.8  18.65  19.7  21.00  21.4\n",
       "8     14.0  15.100000  2.560048  10.4  14.40  15.2  16.25  19.2"
      ]
     },
     "execution_count": 14,
     "metadata": {},
     "output_type": "execute_result"
    }
   ],
   "source": [
    "# Statistics for Categorical Data \n",
    "\n",
    "mtcars_sample.groupby('cyl').mpg.describe()"
   ]
  },
  {
   "cell_type": "code",
   "execution_count": 15,
   "metadata": {},
   "outputs": [
    {
     "data": {
      "text/html": [
       "<div>\n",
       "<style scoped>\n",
       "    .dataframe tbody tr th:only-of-type {\n",
       "        vertical-align: middle;\n",
       "    }\n",
       "\n",
       "    .dataframe tbody tr th {\n",
       "        vertical-align: top;\n",
       "    }\n",
       "\n",
       "    .dataframe thead th {\n",
       "        text-align: right;\n",
       "    }\n",
       "</style>\n",
       "<table border=\"1\" class=\"dataframe\">\n",
       "  <thead>\n",
       "    <tr style=\"text-align: right;\">\n",
       "      <th></th>\n",
       "      <th>mean</th>\n",
       "      <th>median</th>\n",
       "      <th>max</th>\n",
       "    </tr>\n",
       "    <tr>\n",
       "      <th>cyl</th>\n",
       "      <th></th>\n",
       "      <th></th>\n",
       "      <th></th>\n",
       "    </tr>\n",
       "  </thead>\n",
       "  <tbody>\n",
       "    <tr>\n",
       "      <th>4</th>\n",
       "      <td>26.663636</td>\n",
       "      <td>26.0</td>\n",
       "      <td>33.9</td>\n",
       "    </tr>\n",
       "    <tr>\n",
       "      <th>6</th>\n",
       "      <td>19.742857</td>\n",
       "      <td>19.7</td>\n",
       "      <td>21.4</td>\n",
       "    </tr>\n",
       "    <tr>\n",
       "      <th>8</th>\n",
       "      <td>15.100000</td>\n",
       "      <td>15.2</td>\n",
       "      <td>19.2</td>\n",
       "    </tr>\n",
       "  </tbody>\n",
       "</table>\n",
       "</div>"
      ],
      "text/plain": [
       "          mean  median   max\n",
       "cyl                         \n",
       "4    26.663636    26.0  33.9\n",
       "6    19.742857    19.7  21.4\n",
       "8    15.100000    15.2  19.2"
      ]
     },
     "execution_count": 15,
     "metadata": {},
     "output_type": "execute_result"
    }
   ],
   "source": [
    "mtcars_sample.groupby('cyl').mpg.agg(['mean', 'median', 'max'])"
   ]
  },
  {
   "cell_type": "code",
   "execution_count": 16,
   "metadata": {},
   "outputs": [
    {
     "data": {
      "text/html": [
       "<div>\n",
       "<style scoped>\n",
       "    .dataframe tbody tr th:only-of-type {\n",
       "        vertical-align: middle;\n",
       "    }\n",
       "\n",
       "    .dataframe tbody tr th {\n",
       "        vertical-align: top;\n",
       "    }\n",
       "\n",
       "    .dataframe thead th {\n",
       "        text-align: right;\n",
       "    }\n",
       "</style>\n",
       "<table border=\"1\" class=\"dataframe\">\n",
       "  <thead>\n",
       "    <tr style=\"text-align: right;\">\n",
       "      <th></th>\n",
       "      <th>mpg</th>\n",
       "    </tr>\n",
       "    <tr>\n",
       "      <th>cyl</th>\n",
       "      <th></th>\n",
       "    </tr>\n",
       "  </thead>\n",
       "  <tbody>\n",
       "    <tr>\n",
       "      <th>4</th>\n",
       "      <td>26.663636</td>\n",
       "    </tr>\n",
       "    <tr>\n",
       "      <th>6</th>\n",
       "      <td>19.742857</td>\n",
       "    </tr>\n",
       "    <tr>\n",
       "      <th>8</th>\n",
       "      <td>15.100000</td>\n",
       "    </tr>\n",
       "  </tbody>\n",
       "</table>\n",
       "</div>"
      ],
      "text/plain": [
       "           mpg\n",
       "cyl           \n",
       "4    26.663636\n",
       "6    19.742857\n",
       "8    15.100000"
      ]
     },
     "execution_count": 16,
     "metadata": {},
     "output_type": "execute_result"
    }
   ],
   "source": [
    "mtcars_sample[[\"cyl\", \"mpg\"]].groupby(\"cyl\").mean()"
   ]
  },
  {
   "cell_type": "code",
   "execution_count": 19,
   "metadata": {},
   "outputs": [
    {
     "data": {
      "text/plain": [
       "8    14\n",
       "4    11\n",
       "6     7\n",
       "Name: cyl, dtype: int64"
      ]
     },
     "execution_count": 19,
     "metadata": {},
     "output_type": "execute_result"
    }
   ],
   "source": [
    "# Count\n",
    "\n",
    "mtcars_sample[\"cyl\"].value_counts()\n",
    "# mtcars_sample[\"cyl\"].count()"
   ]
  },
  {
   "cell_type": "code",
   "execution_count": 20,
   "metadata": {},
   "outputs": [
    {
     "data": {
      "text/plain": [
       "3    15\n",
       "4    12\n",
       "5     5\n",
       "Name: gear, dtype: int64"
      ]
     },
     "execution_count": 20,
     "metadata": {},
     "output_type": "execute_result"
    }
   ],
   "source": [
    "# Activity: Descriptive Statistics\n",
    "\n",
    "mtcars_sample['gear'].value_counts()"
   ]
  },
  {
   "cell_type": "code",
   "execution_count": 21,
   "metadata": {},
   "outputs": [
    {
     "data": {
      "text/plain": [
       "2    10\n",
       "4    10\n",
       "1     7\n",
       "3     3\n",
       "6     1\n",
       "8     1\n",
       "Name: carb, dtype: int64"
      ]
     },
     "execution_count": 21,
     "metadata": {},
     "output_type": "execute_result"
    }
   ],
   "source": [
    "mtcars_sample['carb'].value_counts()"
   ]
  },
  {
   "cell_type": "code",
   "execution_count": 30,
   "metadata": {},
   "outputs": [
    {
     "data": {
      "text/html": [
       "<div>\n",
       "<style scoped>\n",
       "    .dataframe tbody tr th:only-of-type {\n",
       "        vertical-align: middle;\n",
       "    }\n",
       "\n",
       "    .dataframe tbody tr th {\n",
       "        vertical-align: top;\n",
       "    }\n",
       "\n",
       "    .dataframe thead th {\n",
       "        text-align: right;\n",
       "    }\n",
       "</style>\n",
       "<table border=\"1\" class=\"dataframe\">\n",
       "  <thead>\n",
       "    <tr style=\"text-align: right;\">\n",
       "      <th></th>\n",
       "      <th>mpg</th>\n",
       "      <th>cyl</th>\n",
       "      <th>disp</th>\n",
       "      <th>hp</th>\n",
       "      <th>drat</th>\n",
       "      <th>wt</th>\n",
       "      <th>qsec</th>\n",
       "      <th>vs</th>\n",
       "      <th>am</th>\n",
       "      <th>gear</th>\n",
       "      <th>carb</th>\n",
       "    </tr>\n",
       "  </thead>\n",
       "  <tbody>\n",
       "    <tr>\n",
       "      <th>mpg</th>\n",
       "      <td>36.324103</td>\n",
       "      <td>-9.172379</td>\n",
       "      <td>-633.097208</td>\n",
       "      <td>-320.732056</td>\n",
       "      <td>2.195064</td>\n",
       "      <td>-5.116685</td>\n",
       "      <td>4.509149</td>\n",
       "      <td>2.017137</td>\n",
       "      <td>1.803931</td>\n",
       "      <td>2.135685</td>\n",
       "      <td>-5.363105</td>\n",
       "    </tr>\n",
       "    <tr>\n",
       "      <th>cyl</th>\n",
       "      <td>-9.172379</td>\n",
       "      <td>3.189516</td>\n",
       "      <td>199.660282</td>\n",
       "      <td>101.931452</td>\n",
       "      <td>-0.668367</td>\n",
       "      <td>1.367371</td>\n",
       "      <td>-1.886855</td>\n",
       "      <td>-0.729839</td>\n",
       "      <td>-0.465726</td>\n",
       "      <td>-0.649194</td>\n",
       "      <td>1.520161</td>\n",
       "    </tr>\n",
       "    <tr>\n",
       "      <th>disp</th>\n",
       "      <td>-633.097208</td>\n",
       "      <td>199.660282</td>\n",
       "      <td>15360.799829</td>\n",
       "      <td>6721.158669</td>\n",
       "      <td>-47.064019</td>\n",
       "      <td>107.684204</td>\n",
       "      <td>-96.051681</td>\n",
       "      <td>-44.377621</td>\n",
       "      <td>-36.564012</td>\n",
       "      <td>-50.802621</td>\n",
       "      <td>79.068750</td>\n",
       "    </tr>\n",
       "    <tr>\n",
       "      <th>hp</th>\n",
       "      <td>-320.732056</td>\n",
       "      <td>101.931452</td>\n",
       "      <td>6721.158669</td>\n",
       "      <td>4700.866935</td>\n",
       "      <td>-16.451109</td>\n",
       "      <td>44.192661</td>\n",
       "      <td>-86.770081</td>\n",
       "      <td>-24.987903</td>\n",
       "      <td>-8.320565</td>\n",
       "      <td>-6.358871</td>\n",
       "      <td>83.036290</td>\n",
       "    </tr>\n",
       "    <tr>\n",
       "      <th>drat</th>\n",
       "      <td>2.195064</td>\n",
       "      <td>-0.668367</td>\n",
       "      <td>-47.064019</td>\n",
       "      <td>-16.451109</td>\n",
       "      <td>0.285881</td>\n",
       "      <td>-0.372721</td>\n",
       "      <td>0.087141</td>\n",
       "      <td>0.118649</td>\n",
       "      <td>0.190151</td>\n",
       "      <td>0.275988</td>\n",
       "      <td>-0.078407</td>\n",
       "    </tr>\n",
       "    <tr>\n",
       "      <th>wt</th>\n",
       "      <td>-5.116685</td>\n",
       "      <td>1.367371</td>\n",
       "      <td>107.684204</td>\n",
       "      <td>44.192661</td>\n",
       "      <td>-0.372721</td>\n",
       "      <td>0.957379</td>\n",
       "      <td>-0.305482</td>\n",
       "      <td>-0.273661</td>\n",
       "      <td>-0.338105</td>\n",
       "      <td>-0.421081</td>\n",
       "      <td>0.675790</td>\n",
       "    </tr>\n",
       "    <tr>\n",
       "      <th>qsec</th>\n",
       "      <td>4.509149</td>\n",
       "      <td>-1.886855</td>\n",
       "      <td>-96.051681</td>\n",
       "      <td>-86.770081</td>\n",
       "      <td>0.087141</td>\n",
       "      <td>-0.305482</td>\n",
       "      <td>3.193166</td>\n",
       "      <td>0.670565</td>\n",
       "      <td>-0.204960</td>\n",
       "      <td>-0.280403</td>\n",
       "      <td>-1.894113</td>\n",
       "    </tr>\n",
       "    <tr>\n",
       "      <th>vs</th>\n",
       "      <td>2.017137</td>\n",
       "      <td>-0.729839</td>\n",
       "      <td>-44.377621</td>\n",
       "      <td>-24.987903</td>\n",
       "      <td>0.118649</td>\n",
       "      <td>-0.273661</td>\n",
       "      <td>0.670565</td>\n",
       "      <td>0.254032</td>\n",
       "      <td>0.042339</td>\n",
       "      <td>0.076613</td>\n",
       "      <td>-0.463710</td>\n",
       "    </tr>\n",
       "    <tr>\n",
       "      <th>am</th>\n",
       "      <td>1.803931</td>\n",
       "      <td>-0.465726</td>\n",
       "      <td>-36.564012</td>\n",
       "      <td>-8.320565</td>\n",
       "      <td>0.190151</td>\n",
       "      <td>-0.338105</td>\n",
       "      <td>-0.204960</td>\n",
       "      <td>0.042339</td>\n",
       "      <td>0.248992</td>\n",
       "      <td>0.292339</td>\n",
       "      <td>0.046371</td>\n",
       "    </tr>\n",
       "    <tr>\n",
       "      <th>gear</th>\n",
       "      <td>2.135685</td>\n",
       "      <td>-0.649194</td>\n",
       "      <td>-50.802621</td>\n",
       "      <td>-6.358871</td>\n",
       "      <td>0.275988</td>\n",
       "      <td>-0.421081</td>\n",
       "      <td>-0.280403</td>\n",
       "      <td>0.076613</td>\n",
       "      <td>0.292339</td>\n",
       "      <td>0.544355</td>\n",
       "      <td>0.326613</td>\n",
       "    </tr>\n",
       "    <tr>\n",
       "      <th>carb</th>\n",
       "      <td>-5.363105</td>\n",
       "      <td>1.520161</td>\n",
       "      <td>79.068750</td>\n",
       "      <td>83.036290</td>\n",
       "      <td>-0.078407</td>\n",
       "      <td>0.675790</td>\n",
       "      <td>-1.894113</td>\n",
       "      <td>-0.463710</td>\n",
       "      <td>0.046371</td>\n",
       "      <td>0.326613</td>\n",
       "      <td>2.608871</td>\n",
       "    </tr>\n",
       "  </tbody>\n",
       "</table>\n",
       "</div>"
      ],
      "text/plain": [
       "             mpg         cyl          disp           hp       drat  \\\n",
       "mpg    36.324103   -9.172379   -633.097208  -320.732056   2.195064   \n",
       "cyl    -9.172379    3.189516    199.660282   101.931452  -0.668367   \n",
       "disp -633.097208  199.660282  15360.799829  6721.158669 -47.064019   \n",
       "hp   -320.732056  101.931452   6721.158669  4700.866935 -16.451109   \n",
       "drat    2.195064   -0.668367    -47.064019   -16.451109   0.285881   \n",
       "wt     -5.116685    1.367371    107.684204    44.192661  -0.372721   \n",
       "qsec    4.509149   -1.886855    -96.051681   -86.770081   0.087141   \n",
       "vs      2.017137   -0.729839    -44.377621   -24.987903   0.118649   \n",
       "am      1.803931   -0.465726    -36.564012    -8.320565   0.190151   \n",
       "gear    2.135685   -0.649194    -50.802621    -6.358871   0.275988   \n",
       "carb   -5.363105    1.520161     79.068750    83.036290  -0.078407   \n",
       "\n",
       "              wt       qsec         vs         am       gear       carb  \n",
       "mpg    -5.116685   4.509149   2.017137   1.803931   2.135685  -5.363105  \n",
       "cyl     1.367371  -1.886855  -0.729839  -0.465726  -0.649194   1.520161  \n",
       "disp  107.684204 -96.051681 -44.377621 -36.564012 -50.802621  79.068750  \n",
       "hp     44.192661 -86.770081 -24.987903  -8.320565  -6.358871  83.036290  \n",
       "drat   -0.372721   0.087141   0.118649   0.190151   0.275988  -0.078407  \n",
       "wt      0.957379  -0.305482  -0.273661  -0.338105  -0.421081   0.675790  \n",
       "qsec   -0.305482   3.193166   0.670565  -0.204960  -0.280403  -1.894113  \n",
       "vs     -0.273661   0.670565   0.254032   0.042339   0.076613  -0.463710  \n",
       "am     -0.338105  -0.204960   0.042339   0.248992   0.292339   0.046371  \n",
       "gear   -0.421081  -0.280403   0.076613   0.292339   0.544355   0.326613  \n",
       "carb    0.675790  -1.894113  -0.463710   0.046371   0.326613   2.608871  "
      ]
     },
     "execution_count": 30,
     "metadata": {},
     "output_type": "execute_result"
    }
   ],
   "source": [
    "# Covariance on Pandas\n",
    "\n",
    "mtcars_sample.cov()"
   ]
  },
  {
   "cell_type": "code",
   "execution_count": 31,
   "metadata": {},
   "outputs": [
    {
     "data": {
      "text/html": [
       "<div>\n",
       "<style scoped>\n",
       "    .dataframe tbody tr th:only-of-type {\n",
       "        vertical-align: middle;\n",
       "    }\n",
       "\n",
       "    .dataframe tbody tr th {\n",
       "        vertical-align: top;\n",
       "    }\n",
       "\n",
       "    .dataframe thead th {\n",
       "        text-align: right;\n",
       "    }\n",
       "</style>\n",
       "<table border=\"1\" class=\"dataframe\">\n",
       "  <thead>\n",
       "    <tr style=\"text-align: right;\">\n",
       "      <th></th>\n",
       "      <th>mpg</th>\n",
       "      <th>cyl</th>\n",
       "      <th>disp</th>\n",
       "      <th>hp</th>\n",
       "      <th>drat</th>\n",
       "      <th>wt</th>\n",
       "      <th>qsec</th>\n",
       "      <th>vs</th>\n",
       "      <th>am</th>\n",
       "      <th>gear</th>\n",
       "      <th>carb</th>\n",
       "    </tr>\n",
       "  </thead>\n",
       "  <tbody>\n",
       "    <tr>\n",
       "      <th>mpg</th>\n",
       "      <td>1.000000</td>\n",
       "      <td>-0.852162</td>\n",
       "      <td>-0.847551</td>\n",
       "      <td>-0.776168</td>\n",
       "      <td>0.681172</td>\n",
       "      <td>-0.867659</td>\n",
       "      <td>0.418684</td>\n",
       "      <td>0.664039</td>\n",
       "      <td>0.599832</td>\n",
       "      <td>0.480285</td>\n",
       "      <td>-0.550925</td>\n",
       "    </tr>\n",
       "    <tr>\n",
       "      <th>cyl</th>\n",
       "      <td>-0.852162</td>\n",
       "      <td>1.000000</td>\n",
       "      <td>0.902033</td>\n",
       "      <td>0.832447</td>\n",
       "      <td>-0.699938</td>\n",
       "      <td>0.782496</td>\n",
       "      <td>-0.591242</td>\n",
       "      <td>-0.810812</td>\n",
       "      <td>-0.522607</td>\n",
       "      <td>-0.492687</td>\n",
       "      <td>0.526988</td>\n",
       "    </tr>\n",
       "    <tr>\n",
       "      <th>disp</th>\n",
       "      <td>-0.847551</td>\n",
       "      <td>0.902033</td>\n",
       "      <td>1.000000</td>\n",
       "      <td>0.790949</td>\n",
       "      <td>-0.710214</td>\n",
       "      <td>0.887980</td>\n",
       "      <td>-0.433698</td>\n",
       "      <td>-0.710416</td>\n",
       "      <td>-0.591227</td>\n",
       "      <td>-0.555569</td>\n",
       "      <td>0.394977</td>\n",
       "    </tr>\n",
       "    <tr>\n",
       "      <th>hp</th>\n",
       "      <td>-0.776168</td>\n",
       "      <td>0.832447</td>\n",
       "      <td>0.790949</td>\n",
       "      <td>1.000000</td>\n",
       "      <td>-0.448759</td>\n",
       "      <td>0.658748</td>\n",
       "      <td>-0.708223</td>\n",
       "      <td>-0.723097</td>\n",
       "      <td>-0.243204</td>\n",
       "      <td>-0.125704</td>\n",
       "      <td>0.749812</td>\n",
       "    </tr>\n",
       "    <tr>\n",
       "      <th>drat</th>\n",
       "      <td>0.681172</td>\n",
       "      <td>-0.699938</td>\n",
       "      <td>-0.710214</td>\n",
       "      <td>-0.448759</td>\n",
       "      <td>1.000000</td>\n",
       "      <td>-0.712441</td>\n",
       "      <td>0.091205</td>\n",
       "      <td>0.440278</td>\n",
       "      <td>0.712711</td>\n",
       "      <td>0.699610</td>\n",
       "      <td>-0.090790</td>\n",
       "    </tr>\n",
       "    <tr>\n",
       "      <th>wt</th>\n",
       "      <td>-0.867659</td>\n",
       "      <td>0.782496</td>\n",
       "      <td>0.887980</td>\n",
       "      <td>0.658748</td>\n",
       "      <td>-0.712441</td>\n",
       "      <td>1.000000</td>\n",
       "      <td>-0.174716</td>\n",
       "      <td>-0.554916</td>\n",
       "      <td>-0.692495</td>\n",
       "      <td>-0.583287</td>\n",
       "      <td>0.427606</td>\n",
       "    </tr>\n",
       "    <tr>\n",
       "      <th>qsec</th>\n",
       "      <td>0.418684</td>\n",
       "      <td>-0.591242</td>\n",
       "      <td>-0.433698</td>\n",
       "      <td>-0.708223</td>\n",
       "      <td>0.091205</td>\n",
       "      <td>-0.174716</td>\n",
       "      <td>1.000000</td>\n",
       "      <td>0.744535</td>\n",
       "      <td>-0.229861</td>\n",
       "      <td>-0.212682</td>\n",
       "      <td>-0.656249</td>\n",
       "    </tr>\n",
       "    <tr>\n",
       "      <th>vs</th>\n",
       "      <td>0.664039</td>\n",
       "      <td>-0.810812</td>\n",
       "      <td>-0.710416</td>\n",
       "      <td>-0.723097</td>\n",
       "      <td>0.440278</td>\n",
       "      <td>-0.554916</td>\n",
       "      <td>0.744535</td>\n",
       "      <td>1.000000</td>\n",
       "      <td>0.168345</td>\n",
       "      <td>0.206023</td>\n",
       "      <td>-0.569607</td>\n",
       "    </tr>\n",
       "    <tr>\n",
       "      <th>am</th>\n",
       "      <td>0.599832</td>\n",
       "      <td>-0.522607</td>\n",
       "      <td>-0.591227</td>\n",
       "      <td>-0.243204</td>\n",
       "      <td>0.712711</td>\n",
       "      <td>-0.692495</td>\n",
       "      <td>-0.229861</td>\n",
       "      <td>0.168345</td>\n",
       "      <td>1.000000</td>\n",
       "      <td>0.794059</td>\n",
       "      <td>0.057534</td>\n",
       "    </tr>\n",
       "    <tr>\n",
       "      <th>gear</th>\n",
       "      <td>0.480285</td>\n",
       "      <td>-0.492687</td>\n",
       "      <td>-0.555569</td>\n",
       "      <td>-0.125704</td>\n",
       "      <td>0.699610</td>\n",
       "      <td>-0.583287</td>\n",
       "      <td>-0.212682</td>\n",
       "      <td>0.206023</td>\n",
       "      <td>0.794059</td>\n",
       "      <td>1.000000</td>\n",
       "      <td>0.274073</td>\n",
       "    </tr>\n",
       "    <tr>\n",
       "      <th>carb</th>\n",
       "      <td>-0.550925</td>\n",
       "      <td>0.526988</td>\n",
       "      <td>0.394977</td>\n",
       "      <td>0.749812</td>\n",
       "      <td>-0.090790</td>\n",
       "      <td>0.427606</td>\n",
       "      <td>-0.656249</td>\n",
       "      <td>-0.569607</td>\n",
       "      <td>0.057534</td>\n",
       "      <td>0.274073</td>\n",
       "      <td>1.000000</td>\n",
       "    </tr>\n",
       "  </tbody>\n",
       "</table>\n",
       "</div>"
      ],
      "text/plain": [
       "           mpg       cyl      disp        hp      drat        wt      qsec  \\\n",
       "mpg   1.000000 -0.852162 -0.847551 -0.776168  0.681172 -0.867659  0.418684   \n",
       "cyl  -0.852162  1.000000  0.902033  0.832447 -0.699938  0.782496 -0.591242   \n",
       "disp -0.847551  0.902033  1.000000  0.790949 -0.710214  0.887980 -0.433698   \n",
       "hp   -0.776168  0.832447  0.790949  1.000000 -0.448759  0.658748 -0.708223   \n",
       "drat  0.681172 -0.699938 -0.710214 -0.448759  1.000000 -0.712441  0.091205   \n",
       "wt   -0.867659  0.782496  0.887980  0.658748 -0.712441  1.000000 -0.174716   \n",
       "qsec  0.418684 -0.591242 -0.433698 -0.708223  0.091205 -0.174716  1.000000   \n",
       "vs    0.664039 -0.810812 -0.710416 -0.723097  0.440278 -0.554916  0.744535   \n",
       "am    0.599832 -0.522607 -0.591227 -0.243204  0.712711 -0.692495 -0.229861   \n",
       "gear  0.480285 -0.492687 -0.555569 -0.125704  0.699610 -0.583287 -0.212682   \n",
       "carb -0.550925  0.526988  0.394977  0.749812 -0.090790  0.427606 -0.656249   \n",
       "\n",
       "            vs        am      gear      carb  \n",
       "mpg   0.664039  0.599832  0.480285 -0.550925  \n",
       "cyl  -0.810812 -0.522607 -0.492687  0.526988  \n",
       "disp -0.710416 -0.591227 -0.555569  0.394977  \n",
       "hp   -0.723097 -0.243204 -0.125704  0.749812  \n",
       "drat  0.440278  0.712711  0.699610 -0.090790  \n",
       "wt   -0.554916 -0.692495 -0.583287  0.427606  \n",
       "qsec  0.744535 -0.229861 -0.212682 -0.656249  \n",
       "vs    1.000000  0.168345  0.206023 -0.569607  \n",
       "am    0.168345  1.000000  0.794059  0.057534  \n",
       "gear  0.206023  0.794059  1.000000  0.274073  \n",
       "carb -0.569607  0.057534  0.274073  1.000000  "
      ]
     },
     "execution_count": 31,
     "metadata": {},
     "output_type": "execute_result"
    }
   ],
   "source": [
    "# Correlation Matrix on Pandas \n",
    "\n",
    "mtcars_sample.corr()"
   ]
  },
  {
   "cell_type": "code",
   "execution_count": 36,
   "metadata": {},
   "outputs": [
    {
     "data": {
      "text/plain": [
       "<matplotlib.collections.PathCollection at 0x2248848f370>"
      ]
     },
     "execution_count": 36,
     "metadata": {},
     "output_type": "execute_result"
    },
    {
     "data": {
